1 1.1202821731567383 1.876711130142212 2.041386127471924 0 
2 2.0528292655944824 2.1266062259674072 2.3111391067504883 0 
3 2.315021276473999 2.3755042552948 2.553267240524292 0 
4 2.557101249694824 2.615816116333008 2.794175148010254 0 
5 2.7979753017425537 2.856807231903076 3.035963296890259 0 
6 3.039767265319824 3.098978281021118 3.274362087249756 0 
7 3.278163194656372 3.3370871543884277 3.5132222175598145 0 
8 3.5170342922210693 3.5759003162384033 3.755620241165161 0 
9 3.7594361305236816 3.818265199661255 3.993643283843994 0 
10 3.9974961280822754 4.056382179260254 4.24367618560791 0 
11 4.247553110122681 4.3063061237335205 4.484461307525635 0 
12 4.488418102264404 4.5472211837768555 4.722955226898193 0 
13 4.726981163024902 4.785617113113403 4.966195106506348 0 
14 4.970252275466919 5.029374122619629 5.206200122833252 0 
15 5.210781097412109 5.269374132156372 5.46265721321106 0 
16 5.466878175735474 5.526013135910034 5.724167108535767 0 
17 5.7284181118011475 5.787036180496216 5.978996276855469 0 
18 5.983188152313232 6.0418701171875 6.219389200210571 0 
19 6.223591089248657 6.2826361656188965 6.464885234832764 0 
20 6.4690611362457275 6.527949094772339 6.713589191436768 0 
21 6.717822313308716 6.776856184005737 6.971348285675049 0 
22 6.975542306900024 7.034449100494385 7.225381135940552 0 
23 7.229616165161133 7.288624286651611 7.491958141326904 0 
24 7.49619722366333 7.555357217788696 7.749211311340332 0 
25 7.7534191608428955 7.812512159347534 8.01625919342041 0 
26 8.020523309707642 8.079918146133423 8.279661178588867 0 
27 8.283963203430176 8.343170166015625 8.543534278869629 0 
28 8.547964096069336 8.607161283493042 8.81419324874878 0 
29 8.818775177001953 8.878366231918335 9.07761025428772 0 
30 9.082348108291626 9.141692161560059 9.341459274291992 0 
31 9.34632420539856 9.405632257461548 9.605116128921509 0 
32 9.610056161880493 9.669530153274536 9.871836185455322 0 
33 9.876806259155273 9.936272144317627 10.136151313781738 0 
34 10.141142129898071 10.200447082519531 10.39995813369751 0 
35 10.404932260513306 10.464314222335815 10.663613080978394 0 
36 10.668661117553711 10.728178262710571 10.927328109741211 0 
37 10.932399272918701 10.994767189025879 11.193653106689453 0 
38 11.198670148849487 11.260269165039062 11.462451219558716 0 
39 11.467421293258667 11.52724313735962 11.728584289550781 0 
40 11.733601093292236 11.794344186782837 11.992274284362793 0 
41 11.997303247451782 12.058458089828491 12.259658098220825 0 
42 12.264648199081421 12.325681209564209 12.524686098098755 0 
43 12.529839277267456 12.590917110443115 12.784492254257202 0 
44 12.789726257324219 12.850857257843018 13.057311296463013 0 
45 13.06269121170044 13.123730182647705 13.324989080429077 0 
46 13.330611228942871 13.39170527458191 13.592661142349243 0 
47 13.598441123962402 13.659050226211548 13.859508275985718 0 
48 13.865375280380249 13.926399230957031 14.12709927558899 0 
49 14.133092164993286 14.194566249847412 14.397785186767578 0 
50 14.40413212776184 14.465856313705444 14.660449266433716 0 
51 14.666626214981079 14.728109121322632 14.927241086959839 0 
52 14.933359146118164 14.994585275650024 15.200269222259521 0 
53 15.206438302993774 15.268182277679443 15.46902322769165 0 
54 15.475113153457642 15.536893129348755 15.733519315719604 0 
55 15.739679098129272 15.800669193267822 16.008276224136353 0 
56 16.01438808441162 16.07636022567749 16.28228521347046 0 
57 16.288408279418945 16.35072922706604 16.549426078796387 0 
58 16.555549144744873 16.617992162704468 16.825772285461426 0 
59 16.831915140151978 16.89433526992798 17.11250114440918 0 
60 17.11870813369751 17.180360078811646 17.3874192237854 0 
61 17.393827199935913 17.456629276275635 17.66084313392639 0 
62 17.6675021648407 17.72984027862549 17.92857027053833 0 
63 17.935376167297363 17.997403144836426 18.199642181396484 0 
64 18.206725120544434 18.26890230178833 18.47386407852173 0 
65 18.481014251708984 18.54364323616028 18.74314522743225 0 
66 18.7505521774292 18.81305718421936 19.017648220062256 0 
67 19.025071144104004 19.086960315704346 19.29335618019104 0 
68 19.300755262374878 19.36327028274536 19.56578230857849 0 
69 19.5733642578125 19.636138200759888 19.84654712677002 0 
70 19.854125261306763 19.917015314102173 20.122775316238403 0 
71 20.13022208213806 20.192525148391724 20.394976139068604 0 
72 20.402510166168213 20.465503215789795 20.660534143447876 0 
73 20.667996168136597 20.731414079666138 20.929985284805298 0 
74 20.937451124191284 21.001018285751343 21.20101809501648 0 
75 21.208513259887695 21.272335290908813 21.479756116867065 0 
76 21.487256288528442 21.551396131515503 21.757343292236328 0 
77 21.764976263046265 21.829273223876953 22.028908252716064 0 
78 22.036713123321533 22.100722312927246 22.309964179992676 0 
79 22.31808114051819 22.38242530822754 22.58471417427063 0 
80 22.59302520751953 22.65751624107361 22.861223220825195 0 
81 22.869744300842285 22.93422222137451 23.135181188583374 0 
82 23.14392113685608 23.20826816558838 23.4138662815094 0 
83 23.42280912399292 23.487268209457397 23.698322296142578 0 
84 23.70720624923706 23.771618127822876 23.969380140304565 0 
85 23.97846031188965 24.0420823097229 24.248757123947144 0 
86 24.2578022480011 24.32207727432251 24.524827241897583 0 
87 24.533862113952637 24.597644090652466 24.800941228866577 0 
88 24.810001134872437 24.87498927116394 25.07081913948059 0 
89 25.07989811897278 25.144928216934204 25.3459312915802 0 
90 25.354896306991577 25.41998314857483 25.62177610397339 0 
91 25.630624294281006 25.69549012184143 25.899224281311035 0 
92 25.90825319290161 25.973908185958862 26.17039728164673 0 
93 26.17939329147339 26.24510622024536 26.44608211517334 0 
94 26.455169200897217 26.521015167236328 26.728995084762573 0 
95 26.738362312316895 26.80422616004944 27.00280523300171 0 
96 27.01236915588379 27.07832622528076 27.283335208892822 0 
97 27.293135166168213 27.35877823829651 27.564444303512573 0 
98 27.574418306350708 27.64036726951599 27.85189723968506 0 
99 27.862008094787598 27.928107261657715 28.125715255737305 0 
100 28.1360981464386 28.2021222114563 28.396470308303833 0 
101 28.41379714012146 28.479780197143555 28.683077096939087 0 
102 28.693418264389038 28.759449243545532 28.96062421798706 0 
103 28.970994234085083 29.03717017173767 29.241594314575195 0 
104 29.251976251602173 29.31832528114319 29.51984930038452 0 
105 29.53024125099182 29.59630823135376 29.798624277114868 0 
106 29.809089183807373 29.876007080078125 30.075485229492188 0 
107 30.085889101028442 30.15291428565979 30.361749172210693 0 
108 30.372175216674805 30.438636302947998 30.63640022277832 0 
109 30.64689612388611 30.713661193847656 30.921350240707397 0 
110 30.93169927597046 30.998472213745117 31.197619199752808 0 
111 31.208099126815796 31.275667190551758 31.483232259750366 0 
112 31.494009256362915 31.561936140060425 31.765284299850464 0 
113 31.77636408805847 31.844367265701294 32.04557418823242 0 
114 32.05708408355713 32.12523031234741 32.329095125198364 0 
115 32.34069013595581 32.40877628326416 32.618741273880005 0 
116 32.63034915924072 32.69843029975891 32.900867223739624 0 
117 32.91271710395813 32.98079824447632 33.17964720726013 0 
118 33.19153428077698 33.25947618484497 33.46500325202942 0 
119 33.47696614265442 33.544788122177124 33.742634296417236 0 
120 33.754597187042236 33.8219633102417 34.01901817321777 0 
121 34.03128218650818 34.10008430480957 34.312979221343994 0 
122 34.324918270111084 34.393508195877075 34.59640622138977 0 
123 34.608328104019165 34.675798177719116 34.878117084503174 0 
124 34.890111207962036 34.95847821235657 35.16178917884827 0 
125 35.17376708984375 35.24244809150696 35.456653118133545 0 
126 35.46850919723511 35.53643608093262 35.74332022666931 0 
127 35.75518822669983 35.82432222366333 36.025848150253296 0 
128 36.037795305252075 36.107070207595825 36.31007122993469 0 
129 36.322280168533325 36.39178514480591 36.59787917137146 0 
130 36.61037230491638 36.67980408668518 36.88300824165344 0 
131 36.89579510688782 36.96528220176697 37.165709257125854 0 
132 37.17885112762451 37.248380184173584 37.452025175094604 0 
133 37.465285301208496 37.53410220146179 37.74802327156067 0 
134 37.76129913330078 37.83066511154175 38.034595251083374 0 
135 38.048065185546875 38.11672830581665 38.324063301086426 0 
136 38.33751320838928 38.40598917007446 38.61060118675232 0 
137 38.62409830093384 38.69284629821777 38.90062928199768 0 
138 38.914114236831665 38.983394145965576 39.18447422981262 0 
139 39.197885274887085 39.26777720451355 39.47416424751282 0 
140 39.48762130737305 39.55690312385559 39.76129627227783 0 
141 39.77462720870972 39.84472608566284 40.05022716522217 0 
142 40.06377816200256 40.13430118560791 40.335649251937866 0 
143 40.349048137664795 40.41956114768982 40.620365142822266 0 
144 40.63367509841919 40.70464611053467 40.90965223312378 0 
145 40.92336916923523 40.99482321739197 41.20463728904724 0 
146 41.21850824356079 41.28999710083008 41.48932123184204 0 
147 41.50334715843201 41.57472229003906 41.779784202575684 0 
148 41.79411029815674 41.86558508872986 42.06848216056824 0 
149 42.08303618431091 42.15452814102173 42.354865312576294 0 
150 42.36952018737793 42.44067430496216 42.648144245147705 0 
151 42.66293120384216 42.73434329032898 42.93718719482422 0 
152 42.95233631134033 43.02369928359985 43.22490215301514 0 
153 43.24016618728638 43.31195330619812 43.51093125343323 0 
154 43.526254177093506 43.597753286361694 43.79963517189026 0 
155 43.81472420692444 43.88625621795654 44.08990025520325 0 
156 44.10496711730957 44.176594257354736 44.37678527832031 0 
157 44.39198708534241 44.464152097702026 44.66612124443054 0 
158 44.68128514289856 44.75372624397278 44.95288109779358 0 
159 44.968056201934814 45.040587186813354 45.24460411071777 0 
160 45.25962519645691 45.332635164260864 45.527143239974976 0 
161 45.542537212371826 45.616318225860596 45.81047821044922 0 
162 45.825847148895264 45.89948511123657 46.09872317314148 0 
163 46.1140022277832 46.18708825111389 46.38566517829895 0 
164 46.40156412124634 46.47481322288513 46.677303314208984 0 
165 46.69333219528198 46.766926288604736 46.96365714073181 0 
166 46.97943830490112 47.05172109603882 47.25075030326843 0 
167 47.266908168792725 47.3400092124939 47.54179525375366 0 
168 47.55844521522522 47.631463289260864 47.83017921447754 0 
169 47.84683012962341 47.920212268829346 48.12365508079529 0 
170 48.140130281448364 48.21341919898987 48.413700103759766 0 
171 48.43732810020447 48.51059126853943 48.70603322982788 0 
172 48.7225022315979 48.79572916030884 48.99574518203735 0 
173 49.012341260910034 49.086196184158325 49.29208517074585 0 
174 49.30864715576172 49.38263821601868 49.581122159957886 0 
175 49.59753918647766 49.671483278274536 49.87142014503479 0 
176 49.88798713684082 49.96216630935669 50.16605520248413 0 
177 50.18255925178528 50.25700926780701 50.46694016456604 0 
178 50.48342728614807 50.55784225463867 50.75758624076843 0 
179 50.77408409118652 50.8491632938385 51.053935289382935 0 
180 51.07066226005554 51.145748138427734 51.344165086746216 0 
181 51.36148715019226 51.437042236328125 51.64017415046692 0 
182 51.65762114524841 51.73217225074768 51.93991708755493 0 
183 51.95730018615723 52.03151512145996 52.232914209365845 0 
184 52.25067329406738 52.32577610015869 52.5264573097229 0 
185 52.54426026344299 52.61922216415405 52.82934617996216 0 
186 52.84728813171387 52.922197103500366 53.12538027763367 0 
187 53.143304109573364 53.2179491519928 53.41964626312256 0 
188 53.4443781375885 53.51861810684204 53.72035312652588 0 
189 53.73824620246887 53.81301426887512 54.01601815223694 0 
190 54.03406119346619 54.10917329788208 54.315110206604004 0 
191 54.33321714401245 54.40873622894287 54.61970615386963 0 
192 54.63792014122009 54.71360921859741 54.91859817504883 0 
193 54.936620235443115 55.01185727119446 55.21342730522156 0 
194 55.2314031124115 55.30752611160278 55.514419078826904 0 
195 55.53239321708679 55.60887408256531 55.81209111213684 0 
196 55.83005118370056 55.90654015541077 56.10972714424133 0 
197 56.12805414199829 56.2049400806427 56.410553216934204 0 
198 56.428887128829956 56.50564908981323 56.70578408241272 0 
199 56.72482228279114 56.8018262386322 56.99936509132385 0 
200 57.01843810081482 57.09538912773132 57.29989218711853 0 
201 57.319109201431274 57.395780086517334 57.60017108917236 0 
202 57.61982011795044 57.69673728942871 57.89685821533203 0 
203 57.916526079177856 57.99235224723816 58.20469617843628 0 
204 58.22454524040222 58.30163812637329 58.50080323219299 0 
205 58.52045917510986 58.5970561504364 58.79790925979614 0 
206 58.81781530380249 58.894591093063354 59.096532106399536 0 
207 59.11617708206177 59.192092180252075 59.39629411697388 0 
208 59.42115330696106 59.498653173446655 59.70441126823425 0 
209 59.724311113357544 59.80189609527588 59.9980251789093 0 
210 60.01745915412903 60.09510016441345 60.29191827774048 0 
211 60.31183409690857 60.389705181121826 60.59018325805664 0 
212 60.609859228134155 60.68765425682068 60.881911277770996 0 
213 60.9018931388855 60.980494260787964 61.176419258117676 0 
214 61.19615411758423 61.27477025985718 61.472583293914795 0 
215 61.49249720573425 61.569807291030884 61.764440298080444 0 
216 61.78513526916504 61.863747119903564 62.06352615356445 0 
217 62.0845091342926 62.163392305374146 62.359148263931274 0 
218 62.38011407852173 62.458569288253784 62.65668821334839 0 
219 62.677876234054565 62.756009101867676 62.94930028915405 0 
220 62.970651149749756 63.048424243927 63.24336218833923 0 
221 63.264875173568726 63.34339618682861 63.53851914405823 0 
222 63.559842109680176 63.637415170669556 63.834097146987915 0 
223 63.85557413101196 63.93318724632263 64.12928628921509 0 
224 64.15127515792847 64.22976016998291 64.42453026771545 0 
225 64.44580221176147 64.52419519424438 64.72016716003418 0 
226 64.74150514602661 64.82011413574219 65.021977186203 0 
227 65.04333209991455 65.122150182724 65.3215982913971 0 
228 65.34267830848694 65.42171120643616 65.62360215187073 0 
229 65.64467716217041 65.72499108314514 65.9208631515503 0 
230 65.94209408760071 66.02202725410461 66.21625328063965 0 
231 66.238685131073 66.32020020484924 66.52029919624329 0 
232 66.54215121269226 66.62204909324646 66.8191032409668 0 
233 66.84121513366699 66.92107319831848 67.11919021606445 0 
234 67.14177227020264 67.22257709503174 67.42438912391663 0 
235 67.44713115692139 67.52670526504517 67.72537326812744 0 
236 67.74874520301819 67.82890319824219 68.02755522727966 0 
237 68.05112624168396 68.13138127326965 68.33171224594116 0 
238 68.35494613647461 68.43458414077759 68.63700318336487 0 
239 68.66063523292542 68.74070429801941 68.93789529800415 0 
240 68.9606032371521 69.04002213478088 69.23339009284973 0 
241 69.25616216659546 69.33550214767456 69.53414130210876 0 
242 69.5570421218872 69.63712215423584 69.83691310882568 0 
243 69.85967826843262 69.93991017341614 70.1371521949768 0 
244 70.15982818603516 70.24037218093872 70.44132208824158 0 
245 70.46387910842896 70.54492831230164 70.74673008918762 0 
246 70.76981616020203 70.85132908821106 71.05795907974243 0 
247 71.08088612556458 71.16337728500366 71.36571311950684 0 
248 71.38876008987427 71.47139525413513 71.67567229270935 0 
249 71.69922709465027 71.78114318847656 71.98066926002502 0 
250 72.00447821617126 72.0854721069336 72.2830331325531 0 
251 72.30616021156311 72.38662314414978 72.58303713798523 0 
252 72.60669422149658 72.68623328208923 72.88620018959045 0 
253 72.91042518615723 72.99109816551208 73.19384121894836 0 
254 73.21850109100342 73.29918217658997 73.49318408966064 0 
255 73.51753211021423 73.59855508804321 73.79410314559937 0 
256 73.81846022605896 73.89956212043762 74.10363125801086 0 
257 74.12696123123169 74.20710730552673 74.39997029304504 0 
258 74.42425012588501 74.5053162574768 74.69518327713013 0 
259 74.71910429000854 74.80030012130737 75.00085830688477 0 
260 75.0250301361084 75.1068742275238 75.31141829490662 0 
261 75.33567523956299 75.41755723953247 75.61884021759033 0 
262 75.64303231239319 75.72543025016785 75.9290931224823 0 
263 75.9534752368927 76.03707814216614 76.23818516731262 0 
264 76.26295614242554 76.34643220901489 76.55221223831177 0 
265 76.5785961151123 76.66450715065002 76.87029528617859 0 
266 76.89602613449097 76.98075914382935 77.18665623664856 0 
267 77.21234130859375 77.29584622383118 77.50530910491943 0 
268 77.53143811225891 77.6154100894928 77.82117319107056 0 
269 77.84752631187439 77.93059921264648 78.13512325286865 0 
270 78.16191911697388 78.24550819396973 78.44843411445618 0 
271 78.47515511512756 78.5588812828064 78.75861716270447 0 
272 78.78574514389038 78.86937308311462 79.07052111625671 0 
273 79.09715819358826 79.18042922019958 79.37716722488403 0 
274 79.40405511856079 79.48715710639954 79.68885326385498 0 
275 79.71548318862915 79.79863119125366 79.99793124198914 0 
276 80.0246832370758 80.10853314399719 80.30467510223389 0 
277 80.33112621307373 80.41563630104065 80.62466216087341 0 
278 80.65114116668701 80.73636722564697 80.94272923469543 0 
279 80.96901226043701 81.05415511131287 81.25825119018555 0 
280 81.28448820114136 81.37007427215576 81.57315325737 0 
281 81.59965014457703 81.68518614768982 81.89124417304993 0 
282 81.91814422607422 82.00372529029846 82.20421719551086 0 
283 82.23124814033508 82.31784510612488 82.51682424545288 0 
284 82.54381823539734 82.62946915626526 82.83363819122314 0 
285 82.86096119880676 82.94563817977905 83.15747308731079 0 
286 83.185711145401 83.27204728126526 83.47176814079285 0 
287 83.50006008148193 83.58555126190186 83.79119729995728 0 
288 83.81976413726807 83.9049882888794 84.10451817512512 0 
289 84.13289213180542 84.2181351184845 84.42018818855286 0 
290 84.4482913017273 84.5331642627716 84.73135328292847 0 
291 84.75947713851929 84.84566617012024 85.05252313613892 0 
292 85.08108520507812 85.16737627983093 85.36985325813293 0 
293 85.39742422103882 85.48240423202515 85.69039726257324 0 
294 85.7181932926178 85.80429220199585 86.00934910774231 0 
295 86.03759026527405 86.12391018867493 86.32508826255798 0 
296 86.35289812088013 86.43974113464355 86.64055323600769 0 
297 86.66855812072754 86.75631713867188 86.95974731445312 0 
298 86.98792123794556 87.07590413093567 87.28198218345642 0 
299 87.31036615371704 87.39769220352173 87.60338425636292 0 
300 87.6322922706604 87.72015118598938 87.91749310493469 0 
