1 1.1202821731567383 1.1231622695922852 2.0410752296447754 321707428 
2 2.0528292655944824 2.0557312965393066 2.3110191822052 321652360 
3 2.315021276473999 2.3186941146850586 2.553314208984375 321642716 
4 2.557101249694824 2.560530185699463 2.7938761711120605 321616652 
5 2.7979753017425537 2.8014702796936035 3.035952091217041 321613756 
6 3.039767265319824 3.0433661937713623 3.2741072177886963 321677468 
7 3.278163194656372 3.2817583084106445 3.5130341053009033 321696292 
8 3.5170342922210693 3.5206711292266846 3.755594253540039 321613756 
9 3.7594361305236816 3.7631752490997314 3.993434190750122 321635928 
10 3.9974961280822754 4.001288175582886 4.243512153625488 321613756 
11 4.247553110122681 4.251192092895508 4.484228134155273 321649956 
12 4.488418102264404 4.4920570850372314 4.722694158554077 321613756 
13 4.726981163024902 4.730548143386841 4.966045141220093 321613756 
14 4.970252275466919 4.973844289779663 5.205947160720825 321703760 
15 5.210781097412109 5.214362144470215 5.462454080581665 321613756 
16 5.466878175735474 5.471087217330933 5.7242271900177 321627012 
17 5.7284181118011475 5.732051134109497 5.9787962436676025 321718012 
18 5.983188152313232 5.98679518699646 6.219235181808472 321713668 
19 6.223591089248657 6.2273383140563965 6.46472430229187 321655748 
20 6.4690611362457275 6.4728312492370605 6.7136452198028564 321651404 
21 6.717822313308716 6.72163724899292 6.971030235290527 321613756 
22 6.975542306900024 6.979480266571045 7.225421190261841 321720908 
23 7.229616165161133 7.233679294586182 7.492025136947632 321671676 
24 7.49619722366333 7.5002312660217285 7.749131202697754 321625340 
25 7.7534191608428955 7.757500171661377 8.016297101974487 321613756 
26 8.020523309707642 8.024835109710693 8.279418230056763 321613756 
27 8.283963203430176 8.288209199905396 8.543497085571289 321679144 
28 8.547964096069336 8.552231311798096 8.814241170883179 321613756 
29 8.818775177001953 8.82312822341919 9.077650308609009 321613756 
30 9.082348108291626 9.086742162704468 9.341565132141113 321764800 
31 9.34632420539856 9.350813150405884 9.605155229568481 321613756 
32 9.610056161880493 9.614420175552368 9.871708154678345 321668780 
33 9.876806259155273 9.88107419013977 10.135954141616821 321613756 
34 10.141142129898071 10.145434141159058 10.399713277816772 321613756 
35 10.404932260513306 10.40916919708252 10.663657188415527 321654300 
36 10.668661117553711 10.67307424545288 10.92739725112915 321720908 
37 10.932399272918701 10.936850309371948 11.193378210067749 321613756 
38 11.198670148849487 11.203277111053467 11.462233304977417 321638372 
39 11.467421293258667 11.47217321395874 11.728464126586914 321613756 
40 11.733601093292236 11.738415241241455 11.992307186126709 321667560 
41 11.997303247451782 12.002337217330933 12.259367227554321 321647284 
42 12.264648199081421 12.269891262054443 12.524714231491089 321613756 
43 12.529839277267456 12.53505825996399 12.784522294998169 321668780 
44 12.789726257324219 12.795010089874268 13.057361125946045 321637148 
45 13.06269121170044 13.068016290664673 13.325032234191895 321645612 
46 13.330611228942871 13.335909128189087 13.59272027015686 321645612 
47 13.598441123962402 13.603686094284058 13.859579086303711 321645612 
48 13.865375280380249 13.870646238327026 14.127129316329956 321613756 
49 14.133092164993286 14.138432264328003 14.397861242294312 321619548 
50 14.40413212776184 14.41021728515625 14.66048812866211 321651628 
51 14.666626214981079 14.672277212142944 14.927290201187134 321619548 
52 14.933359146118164 14.938653230667114 15.200334310531616 321706428 
53 15.206438302993774 15.211921215057373 15.469050168991089 321613756 
54 15.475113153457642 15.480619192123413 15.733575105667114 321786068 
55 15.739679098129272 15.745405197143555 16.008378267288208 321613756 
56 16.01438808441162 16.020206212997437 16.282328128814697 321718012 
57 16.288408279418945 16.294556140899658 16.549500226974487 321613756 
58 16.555549144744873 16.561788082122803 16.825870275497437 321662988 
59 16.831915140151978 16.838244199752808 17.11257529258728 321621220 
60 17.11870813369751 17.125171184539795 17.387449264526367 321613756 
61 17.393827199935913 17.400338172912598 17.660874128341675 321655748 
62 17.6675021648407 17.674097299575806 17.928577184677124 321615204 
63 17.935376167297363 17.942004203796387 18.199759244918823 321622444 
64 18.206725120544434 18.213298082351685 18.473650217056274 321613756 
65 18.481014251708984 18.487629175186157 18.743197202682495 321670228 
66 18.7505521774292 18.757188081741333 19.017742156982422 321660316 
67 19.025071144104004 19.03159213066101 19.293010234832764 321639820 
68 19.300755262374878 19.30726718902588 19.56589913368225 321625340 
69 19.5733642578125 19.5798602104187 19.846665143966675 321673124 
70 19.854125261306763 19.860896110534668 20.12279510498047 321613756 
71 20.13022208213806 20.13713526725769 20.395050287246704 321678916 
72 20.402510166168213 20.409663200378418 20.660584211349487 321613756 
73 20.667996168136597 20.675300121307373 20.929700136184692 321640044 
74 20.937451124191284 20.945016145706177 21.201073169708252 321613756 
75 21.208513259887695 21.216297149658203 21.47982621192932 321613756 
76 21.487256288528442 21.495309114456177 21.75738215446472 321688320 
77 21.764976263046265 21.773203134536743 22.02895212173462 321613756 
78 22.036713123321533 22.04493021965027 22.30979824066162 321809460 
79 22.31808114051819 22.326418161392212 22.58474826812744 321613756 
80 22.59302520751953 22.601375102996826 22.861297130584717 321613756 
81 22.869744300842285 22.87793517112732 23.135220289230347 321699188 
82 23.14392113685608 23.15234613418579 23.413881301879883 321659648 
83 23.42280912399292 23.431201219558716 23.69795823097229 321645612 
84 23.70720624923706 23.71545910835266 23.96943712234497 321636924 
85 23.97846031188965 23.986814260482788 24.248637199401855 321749868 
86 24.2578022480011 24.266027212142944 24.524843215942383 321613756 
87 24.533862113952637 24.542375087738037 24.80071711540222 321699188 
88 24.810001134872437 24.81868028640747 25.070367097854614 321613756 
89 25.07989811897278 25.08880615234375 25.345940113067627 321772040 
90 25.354896306991577 25.364036083221436 25.6217622756958 321619548 
91 25.630624294281006 25.639758110046387 25.898831129074097 321692172 
92 25.90825319290161 25.91774010658264 26.1704261302948 321632580 
93 26.17939329147339 26.189191102981567 26.445890188217163 321623892 
94 26.455169200897217 26.46512722969055 26.729037284851074 321613756 
95 26.738362312316895 26.74834108352661 27.002836227416992 321686384 
96 27.01236915588379 27.022456169128418 27.283393144607544 321613756 
97 27.293135166168213 27.30332326889038 27.56442427635193 321674572 
98 27.574418306350708 27.58451509475708 27.85166311264038 321670228 
99 27.862008094787598 27.872053146362305 28.125360250473022 321613756 
100 28.1360981464386 28.146201133728027 28.39653730392456 321662988 
101 28.41379714012146 28.42386507987976 28.68279528617859 321625340 
102 28.693418264389038 28.703434228897095 28.960378170013428 321615204 
103 28.970994234085083 28.980959177017212 29.241387128829956 321613756 
104 29.251976251602173 29.262307167053223 29.519638299942017 321706428 
105 29.53024125099182 29.540600299835205 29.798556089401245 321767244 
106 29.809089183807373 29.81972312927246 30.07525610923767 321649956 
107 30.085889101028442 30.096721172332764 30.361834287643433 321616652 
108 30.372175216674805 30.383223295211792 30.63643527030945 321613756 
109 30.64689612388611 30.658141136169434 30.921327114105225 321800548 
110 30.93169927597046 30.94320011138916 31.19766330718994 321613756 
111 31.208099126815796 31.219786167144775 31.48316717147827 321784620 
112 31.494009256362915 31.505890130996704 31.76520323753357 321678916 
113 31.77636408805847 31.788292169570923 32.045632123947144 321645612 
114 32.05708408355713 32.06897330284119 32.32921123504639 321613756 
115 32.34069013595581 32.35261511802673 32.61825609207153 321622444 
116 32.63034915924072 32.64223623275757 32.900673151016235 321676020 
117 32.91271710395813 32.92459726333618 33.17945122718811 321620996 
118 33.19153428077698 33.20338225364685 33.46496629714966 321631132 
119 33.47696614265442 33.48878717422485 33.742671251297 321621224 
120 33.754597187042236 33.76639008522034 34.01885008811951 321613756 
121 34.03128218650818 34.04403328895569 34.31292009353638 321674572 
122 34.324918270111084 34.33718729019165 34.59641408920288 321624344 
123 34.608328104019165 34.62032914161682 34.87820529937744 321613756 
124 34.890111207962036 34.90240812301636 35.16187024116516 321649956 
125 35.17376708984375 35.18626618385315 35.45636510848999 321629684 
126 35.46850919723511 35.48119115829468 35.74317908287048 321635700 
127 35.75518822669983 35.76815915107727 36.025859117507935 321622444 
128 36.037795305252075 36.050859212875366 36.31006217002869 321644164 
129 36.322280168533325 36.335440158843994 36.59788417816162 321613756 
130 36.61037230491638 36.62357020378113 36.88303518295288 321616652 
131 36.89579510688782 36.90903830528259 37.16576910018921 321613756 
132 37.17885112762451 37.19222712516785 37.45199108123779 321635476 
133 37.465285301208496 37.478604316711426 37.747897148132324 321722356 
134 37.76129913330078 37.774458169937134 38.03471612930298 321662988 
135 38.048065185546875 38.06130814552307 38.32409715652466 321627016 
136 38.33751320838928 38.350611209869385 38.61028218269348 321680364 
137 38.62409830093384 38.63730716705322 38.900312185287476 321613756 
138 38.914114236831665 38.92729926109314 39.1845440864563 321613756 
139 39.197885274887085 39.211350202560425 39.47411918640137 321675024 
140 39.48762130737305 39.50156617164612 39.76121425628662 321616652 
141 39.77462720870972 39.788618087768555 40.05032730102539 321613756 
142 40.06377816200256 40.07799816131592 40.33568215370178 321685160 
143 40.349048137664795 40.363516092300415 40.620126247406006 321700636 
144 40.63367509841919 40.648492097854614 40.909438133239746 321648508 
145 40.92336916923523 40.938374280929565 41.204732179641724 321680364 
146 41.21850824356079 41.23377728462219 41.489365100860596 321744076 
147 41.50334715843201 41.51837229728699 41.77976417541504 321613756 
148 41.79411029815674 41.80925631523132 42.06848216056824 321636924 
149 42.08303618431091 42.09805727005005 42.35451316833496 321613756 
150 42.36952018737793 42.38465213775635 42.64784216880798 321726700 
151 42.66293120384216 42.67790722846985 42.93700313568115 321689052 
152 42.95233631134033 42.96760630607605 43.22494411468506 321613756 
153 43.24016618728638 43.255577087402344 43.510974168777466 321613756 
154 43.526254177093506 43.54153823852539 43.79972219467163 321657196 
155 43.81472420692444 43.83003115653992 44.089946269989014 321654300 
156 44.10496711730957 44.12041425704956 44.37669229507446 321641268 
157 44.39198708534241 44.40795612335205 44.665818214416504 321694844 
158 44.68128514289856 44.69755816459656 44.952874183654785 321654300 
159 44.968056201934814 44.984474182128906 45.24447417259216 321613756 
160 45.25962519645691 45.27619218826294 45.527122259140015 321613756 
161 45.542537212371826 45.56010627746582 45.810553312301636 321642716 
162 45.825847148895264 45.84331130981445 46.0988392829895 321620000 
163 46.1140022277832 46.13110423088074 46.385725259780884 321629684 
164 46.40156412124634 46.4187331199646 46.67734217643738 321658644 
165 46.69333219528198 46.71066427230835 46.96372127532959 321613756 
166 46.97943830490112 46.99604630470276 47.250797271728516 321673576 
167 47.266908168792725 47.28372311592102 47.541797161102295 321613756 
168 47.55844521522522 47.57553315162659 47.830196142196655 321668780 
169 47.84683012962341 47.86377429962158 48.1235830783844 321631132 
170 48.140130281448364 48.15706515312195 48.41375207901001 321613756 
171 48.43732810020447 48.454097270965576 48.70610809326172 321719460 
172 48.7225022315979 48.739487171173096 48.99580121040344 321613756 
173 49.012341260910034 49.02976727485657 49.29212212562561 321613756 
174 49.30864715576172 49.32626914978027 49.58116626739502 321637148 
175 49.59753918647766 49.61509418487549 49.87147617340088 321644164 
176 49.88798713684082 49.90590214729309 50.16610813140869 321771588 
177 50.18255925178528 50.20074820518494 50.46701121330261 321613756 
178 50.48342728614807 50.50164318084717 50.75761008262634 321619776 
179 50.77408409118652 50.79261827468872 51.053551197052 321626788 
180 51.07066226005554 51.08937215805054 51.34390211105347 321613756 
181 51.36148715019226 51.38060927391052 51.6402051448822 321623892 
182 51.65762114524841 51.6765673160553 51.939852237701416 321613756 
183 51.95730018615723 51.97578716278076 52.23266124725342 321741180 
184 52.25067329406738 52.26938009262085 52.52636528015137 321657196 
185 52.54426026344299 52.56293725967407 52.82941722869873 321739732 
186 52.84728813171387 52.86571907997131 53.12519812583923 321613756 
187 53.143304109573364 53.161654233932495 53.419697284698486 321613756 
188 53.4443781375885 53.46274709701538 53.72041130065918 321734392 
189 53.73824620246887 53.756763219833374 54.01606011390686 321613756 
190 54.03406119346619 54.05261731147766 54.31517028808594 321706880 
191 54.33321714401245 54.352243185043335 54.619765281677246 321613756 
192 54.63792014122009 54.65733313560486 54.91866326332092 321689052 
193 54.936620235443115 54.95621919631958 55.21339416503906 321613756 
194 55.2314031124115 55.25110912322998 55.51447820663452 321641268 
195 55.53239321708679 55.55237317085266 55.81204009056091 321634028 
196 55.83005118370056 55.850189208984375 56.10982012748718 321613756 
197 56.12805414199829 56.14853119850159 56.410619258880615 321644164 
198 56.428887128829956 56.449055194854736 56.70583724975586 321639820 
199 56.72482228279114 56.74542808532715 56.99903130531311 321660320 
200 57.01843810081482 57.03898620605469 57.299763202667236 321613756 
201 57.319109201431274 57.33943009376526 57.600234270095825 321613756 
202 57.61982011795044 57.64048409461975 57.89688730239868 321709324 
203 57.916526079177856 57.93663024902344 58.2043571472168 321613756 
204 58.22454524040222 58.24506211280823 58.500736236572266 321622444 
205 58.52045917510986 58.540749311447144 58.79798126220703 321655748 
206 58.81781530380249 58.838356256484985 59.0966362953186 321645840 
207 59.11617708206177 59.1366012096405 59.39622712135315 321674572 
208 59.42115330696106 59.44239330291748 59.7042031288147 321670228 
209 59.724311113357544 59.745556116104126 59.99809718132019 321613756 
210 60.01745915412903 60.03882908821106 60.291969299316406 321686156 
211 60.31183409690857 60.33411121368408 60.590211153030396 321613756 
212 60.609859228134155 60.631972312927246 60.88200330734253 321639820 
213 60.9018931388855 60.92402219772339 61.17638921737671 321613756 
214 61.19615411758423 61.218337297439575 61.47261929512024 321618100 
215 61.49249720573425 61.51417326927185 61.76447820663452 321613756 
216 61.78513526916504 61.80738019943237 62.06360125541687 321615204 
217 62.0845091342926 62.10683608055115 62.3591423034668 321613756 
218 62.38011407852173 62.4021942615509 62.65666222572327 321613756 
219 62.677876234054565 62.69973111152649 62.94934320449829 321690500 
220 62.970651149749756 62.99286723136902 63.24339818954468 321613756 
221 63.264875173568726 63.28679919242859 63.538578271865845 321622444 
222 63.559842109680176 63.582096099853516 63.83415126800537 321638372 
223 63.85557413101196 63.87784218788147 64.12932515144348 321613756 
224 64.15127515792847 64.17442917823792 64.42458915710449 321613756 
225 64.44580221176147 64.46842622756958 64.72025513648987 321668780 
226 64.74150514602661 64.76444816589355 65.02205324172974 321613756 
227 65.04333209991455 65.0665020942688 65.3216621875763 321644164 
228 65.34267830848694 65.36598920822144 65.62369108200073 321613756 
229 65.64467716217041 65.6686372756958 65.92094111442566 321712220 
230 65.94209408760071 65.96650409698486 66.21618127822876 321613756 
231 66.238685131073 66.26463627815247 66.5203652381897 321697740 
232 66.54215121269226 66.56642818450928 66.81905317306519 321613756 
233 66.84121513366699 66.86555027961731 67.11928129196167 321619776 
234 67.14177227020264 67.16610527038574 67.42454123497009 321613756 
235 67.44713115692139 67.4712963104248 67.72543621063232 321632580 
236 67.74874520301819 67.77354621887207 68.02753114700317 321613756 
237 68.05112624168396 68.07602524757385 68.3317711353302 321638372 
238 68.35494613647461 68.37922310829163 68.63708519935608 321628236 
239 68.66063523292542 68.68507528305054 68.93788313865662 321613756 
240 68.9606032371521 68.98449325561523 69.23348426818848 321613756 
241 69.25616216659546 69.28012323379517 69.53417325019836 321619548 
242 69.5570421218872 69.58161330223083 69.8368411064148 321613756 
243 69.85967826843262 69.88425517082214 70.13703608512878 321696292 
244 70.15982818603516 70.18479609489441 70.44151711463928 321615204 
245 70.46387910842896 70.4886531829834 70.74680924415588 321613756 
246 70.76981616020203 70.79540729522705 71.05801725387573 321613756 
247 71.08088612556458 71.10701012611389 71.36577415466309 322021096 
248 71.38876008987427 71.41511511802673 71.6757881641388 321613756 
249 71.69922709465027 71.72494721412659 71.98062419891357 321631132 
250 72.00447821617126 72.03012323379517 72.28306412696838 321613756 
251 72.30616021156311 72.33038926124573 72.58307027816772 321622788 
252 72.60669422149658 72.63083720207214 72.88628625869751 321613756 
253 72.91042518615723 72.93511414527893 73.19395017623901 321645612 
254 73.21850109100342 73.24313616752625 73.49322724342346 321613756 
255 73.51753211021423 73.54237127304077 73.79417014122009 321641268 
256 73.81846022605896 73.84339427947998 74.10373425483704 321613756 
257 74.12696123123169 74.15173625946045 74.40004014968872 321613756 
258 74.42425012588501 74.44896411895752 74.6951732635498 321686156 
259 74.71910429000854 74.74408316612244 75.0009412765503 321816928 
260 75.0250301361084 75.05091309547424 75.31147718429565 321613756 
261 75.33567523956299 75.36122608184814 75.61889028549194 321793760 
262 75.64303231239319 75.66922521591187 75.9291422367096 321613756 
263 75.9534752368927 75.98083519935608 76.23822617530823 321707876 
264 76.26295614242554 76.29018712043762 76.55224823951721 321613756 
265 76.5785961151123 76.60904812812805 76.87021231651306 321625340 
266 76.89602613449097 76.92449426651001 77.18674731254578 321613756 
267 77.21234130859375 77.23972821235657 77.50536918640137 321718012 
268 77.53143811225891 77.55930209159851 77.82080030441284 321613756 
269 77.84752631187439 77.87517714500427 78.13522028923035 321623892 
270 78.16191911697388 78.19009613990784 78.4485011100769 321658644 
271 78.47515511512756 78.50248408317566 78.75872325897217 321638372 
272 78.78574514389038 78.81315112113953 79.07027411460876 321613756 
273 79.09715819358826 79.1241602897644 79.37721920013428 321683260 
274 79.40405511856079 79.43118119239807 79.68884515762329 321613756 
275 79.71548318862915 79.74229621887207 79.99797821044922 321764348 
276 80.0246832370758 80.05247330665588 80.30471420288086 321613756 
277 80.33112621307373 80.35944628715515 80.6243622303009 321634028 
278 80.65114116668701 80.6802191734314 80.94268918037415 321613756 
279 80.96901226043701 80.99791216850281 81.25832724571228 321631132 
280 81.28448820114136 81.31407618522644 81.57323718070984 321693396 
281 81.59965014457703 81.6297242641449 81.89094614982605 321613756 
282 81.91814422607422 81.94732522964478 82.2042601108551 321664664 
283 82.23124814033508 82.26136112213135 82.51686215400696 321613756 
284 82.54381823539734 82.57344722747803 82.83360624313354 321645612 
285 82.86096119880676 82.89027810096741 83.15750813484192 321693396 
286 83.185711145401 83.21586012840271 83.47166323661804 321684708 
287 83.50006008148193 83.53009915351868 83.79088711738586 321613756 
288 83.81976413726807 83.84962821006775 84.10449719429016 321629912 
289 84.13289213180542 84.16181826591492 84.42025327682495 321697740 
290 84.4482913017273 84.47698020935059 84.73142409324646 321626788 
291 84.75947713851929 84.78962826728821 85.05255317687988 321613756 
292 85.08108520507812 85.11116528511047 85.36962914466858 321694844 
293 85.39742422103882 85.42686724662781 85.69005417823792 321651404 
294 85.7181932926178 85.74812030792236 86.00938510894775 321613756 
295 86.03759026527405 86.06853818893433 86.32477617263794 321613756 
296 86.35289812088013 86.38342213630676 86.64060115814209 321628236 
297 86.66855812072754 86.69994521141052 86.95978212356567 321622444 
298 86.98792123794556 87.0196692943573 87.28201222419739 321654300 
299 87.31036615371704 87.34134817123413 87.60348629951477 321638372 
300 87.6322922706604 87.66381025314331 87.91892719268799 321096336 
